526769001
78656961
1690345
984982502
1130842735
9562942464
74573621
1337125768
1099083298
234476
6990508
51816360
582835077
548567142
548546767
583088312
583075983
65719849
63621445
106024983
583140299
54191356
47528849
73937292
1257679358
583086161
81272903
461470847
583152284
548610890
583457746
548564699
71849461
854837846
317427839
920891308
74645030
262325143
999999
583071236
77221265
548581925
78132211
59286557
809631996
17476
644156031
582894817
69398722
77436605
45206468
59465448
454100321
583081698
583056787
582832610
919404
583124645
548569814
549218781
583592433
218444848
548565531
582892940
81086173
59810063
285299436
532792693
2562911798
8232861495
937039396
78500143
78772743
1622367879
73697043
74615027
59567909
936186020
583122888
64664752
61205438
583067008
50715295
422509632
122780879
582740825
63829869
105933176
548540492
583135422
583150226
583099234
583622067
549084145
420487202
583463706
66884312
548610175
582854456
583112327
49132801
49857738
492754080
273235279
548550179
788399
583163092
81296672
46701298
996775151
68587364
583456500
976033949
57904761
77298417
583132594
98175
64374486
2443691
583422621
105997207
583053519
69761252
239198440
50385552
583057762
52920695
60153307
1434547950
73285374
583059335
583283095
583122738
81223953
548436644
548609288
3298493
60588020
60242256
583121697
121905729
1107750598
583069308
66763329
52977194
77179006
78503863
3393090
80776405
3163810767
64901783
583153999
1120333898
48906734
78730361
79588413
1292636321
81182664
23222
582838495
41011762
75956151
583084147
583084229
548558806
664365601
66331368
81297457
93371923
670575178
463344085
863987
521276562
50773081
583070838
548568988
71349019
582828422
548459310
76564854
582857400
1714556140
563144606
7019765
582893661
7193590758
52462617
583121885
401813662
60559607
548570258
71301009
755348567
548610229
376817917
583412854
78772603
294735
583070245
583111790
583456376
548559795
583062350
583453225
583404809
773635155
284426041
583592610
583062654
64241327
78673458
583059902
583071066
583451215
582831874
94213
78765700
78574058
158420
63295008
548557801
1990211
71751801
583000309
685909
313605810
583148806
582830979
583081211
9498330
75347148
6359023
627454141
806492118
105783215
582886440
74965013
779150811
837615554
1027589222
50521507
2316742584
891380
574298784
548609193
583060500
583449482
583453038
490687941
583456135
6034966
51697631
277921942
337812363
100001
548408605
59693543
80896035
583284946
68780957
47596392
80472053
80952503
549083785
61421710
583072325
64036364
583115638
437046803
77777442
3468774
52497824
61041976
548566712
583139259
548553856
583068420
1228956824
276986087
583620067
4647492011
548566624
582857018
77456524
1517424
100001
94213
9562942464
158420
941871
6034966
7019765
685909
77179006
494949
528641
93408
80089
56789
456789
56789
456789
494949
3298493
528641
93408
80089
56789
456789
1517424
9562942464
1041482
596348
606247970
25835293
666666
94342
153378
24111692
2345548
1325623
64317192
10785583
89380
2118532944
127256
44442423
979797
2236439094
2246885606
104562976
1024217
41391244
596374
10735290
4321640
1012203
28395460
2225291257
424242
68970
2162563238
61205438
3993588
83386
2060491
1179929
37905
23788440
12230649
119657
10347405
26277313
590320222
454545
5317075
77323
2255028780
10345719
19944106
60439
586073226
2316177058
11635613
100001
40240504
10739396
587185249
2142329
2221319641
845491513
76807
25814705
48267
29323141
228736
1979199
25872931
21937452
7019765
10535568
92888058
215377
58762
2231791943
169222
596340
162981
4402152
2141208
2686185
67074862
664710
302404
635202
218037
11620741
94213
59439385
158420
475424
685909
10463953
1981784
2525751
1949420
1327750
14024
4578461
6034966
80650
2255040492
596371
77046
941871
524639
1207019
6507306
88085
40213181
1800355
33111
139103158
65524
2256438
1517424
9562942464
6751103
666666
94342
5374664
64317192
89380
89530453
40703384
55508507
979797
106407
59286557
7155083
358842
27767313
4321640
110461
39388623
143582
1027247
424242
68970
1179929
37905
2276842218
92105017
3546019
454545
77323
27933024
1221482
25763679
4197735
130156085
60439
1509100
819200277
138923
63387
1886128
11635613
100001
4552949
20650
87039
845491513
5382344
4619992
525361
48267
1959877
7019765
34947
3269068
79150622
58762
50708908
2646216
4402152
127945
10685385
635202
454118602
6829770
94213
4582264
4312810
2210136563
158420
1476651
475424
685909
26337
1670932
5958794
1504957
4042993
21327493
313027
61743
856262
10786473
1544398117
6034966
80650
2155072056
77046
941871
25959855
368085
524639
2181023
25867744
1135887
56789
456789
